1.341884 
-0.988435 
1.817943 
-0.374437 
-1.451741 
-0.618682 
0.934501 
1.055929 
0.160227 
0.287400 
0.632906 
-1.459042 
-0.581710 
-1.830149 
-0.449103 
0.949275 
0.717441 
2.287829 
0.166728 
-2.156491 
1.689399 
1.282281 
-0.582631 
0.222614 
0.779451 
0.384707 
0.696367 
-0.112716 
-0.038824 
0.088089 
-0.789656 
1.422961 
0.006332 
0.686481 
-0.854934 
-1.075235 
-0.090967 
-0.252772 
1.194824 
0.606064 
0.540514 
-1.444939 
-0.967694 
0.202051 
-0.347878 
1.290088 
1.341154 
-0.580798 
0.875136 
1.395450 
0.320985 
1.623382 
1.062433 
0.214105 
0.876803 
0.194407 
-0.414892 
0.358459 
0.036223 
-0.364631 
1.771020 
0.221273 
2.730378 
-0.296165 
0.564296 
1.582621 
2.729230 
0.303564 
-0.790258 
0.803380 
-1.319903 
-0.273846 
0.271867 
1.489554 
1.437142 
-0.027561 
0.923931 
-0.321280 
0.661125 
1.915294 
0.156760 
-0.300536 
-0.500035 
0.716471 
1.337289 
2.125680 
0.054046 
0.163036 
-0.632707 
1.611991 
-0.075449 
-0.473237 
2.184241 
0.809881 
0.716343 
-1.005571 
0.433987 
0.520144 
-1.092245 
-0.225794 
-0.404922 
0.527859 
-1.006963 
1.089027 
1.784875 
-0.303755 
-0.008697 
0.506635 
1.203252 
0.522018 
0.397046 
-0.482811 
-0.231497 
0.613385 
1.682851 
0.568394 
-1.206029 
0.433060 
-0.092121 
-0.244055 
-0.219189 
-0.879767 
-0.320804 
-0.784415 
-0.364963 
0.117271 
0.174340 
-0.215656 
-0.152611 
0.033688 
0.458282 
1.281631 
0.620090 
-0.286674 
0.598016 
-0.245533 
-1.780737 
-2.347239 
-1.713595 
-0.237127 
-0.619626 
-0.720160 
0.040657 
-0.658981 
-0.630515 
0.609625 
0.782335 
2.436584 
0.302407 
0.058320 
-0.574134 
-0.195212 
-0.050531 
-1.755775 
-0.257358 
0.749542 
-0.570764 
0.494233 
0.991440 
1.077140 
0.776842 
-2.259840 
-0.564377 
0.901491 
0.394676 
0.004854 
0.436919 
1.130073 
0.153771 
-0.758627 
-0.180163 
-0.207790 
0.896745 
0.412308 
0.547520 
0.147835 
-0.362267 
0.061141 
0.216706 
-1.398122 
0.178870 
0.927584 
-0.110178 
1.572398 
0.560491 
-0.420345 
-0.153945 
-0.275199 
0.241120 
0.754686 
-0.291910 
0.458445 
1.755289 
0.931491 
0.825264 
-0.814807 
-0.534204 
0.242552 
-0.100648 
-1.625048 
-1.514423 
1.026189 
-0.758127 
2.078345 
-2.221987 
0.448764 
0.000626 
-0.756239 
0.404325 
-0.793853 
0.859783 
0.066869 
-1.639387 
-2.424750 
-0.283830 
1.145806 
0.181169 
0.054250 
0.687754 
-1.393407 
1.425366 
-0.893851 
0.037765 
-0.363569 
0.149556 
-1.944518 
1.523895 
0.545810 
2.009927 
1.416671 
0.011481 
-0.939049 
-1.738908 
0.016971 
0.219159 
1.045821 
-0.950983 
0.794797 
0.071430 
-0.773687 
0.774162 
0.265655 
-0.235106 
1.877292 
0.609239 
-0.110274 
0.277457 
0.087046 
0.173593 
0.453591 
-0.603518 
-0.797024 
0.360649 
1.885092 
-0.306822 
-1.012724 
-0.238546 
-0.484015 
-0.327345 
0.475518 
-0.130005 
-0.594353 
-0.443767 
-1.322530 
-0.859521 
-1.413001 
-0.515986 
-1.085098 
-0.707159 
-0.301655 
-1.200441 
-0.019362 
0.340371 
-0.963231 
1.113923 
-1.586105 
-0.391795 
-1.484686 
-0.344627 
-1.323916 
-0.574835 
-0.740707 
-1.185002 
-2.064860 
0.565060 
2.000142 
2.223328 
-0.492178 
-0.046003 
-0.465747 
0.075947 
-0.918770 
-1.919467 
-0.036443 
-1.225126 
-1.902434 
2.374249 
-0.233346 
0.403881 
1.192469 
-1.684759 
0.413149 
0.501745 
0.083064 
0.157798 
-0.527943 
0.723061 
-0.849942 
-0.796384 
0.725338 
1.686544 
-0.386394 
-0.505078 
0.408074 
1.072356 
0.967983 
0.270146 
-0.634407 
0.629763 
-0.079234 
1.376949 
-1.408212 
0.141232 
1.289719 
-0.494936 
-0.624825 
-0.933634 
-0.278725 
-0.200525 
0.136741 
-0.883349 
0.082538 
-0.603875 
-0.368728 
-0.838170 
-0.282475 
3.569868 
3.407532 
1.146918 
0.787258 
-1.278137 
-0.584593 
-0.619406 
0.535301 
0.482987 
0.108475 
-0.340285 
-0.925848 
0.005322 
1.139149 
0.427361 
0.181032 
0.657480 
0.584246 
-1.616451 
0.018774 
-0.425961 
-2.034027 
-1.328553 
-0.319886 
0.825430 
-0.229293 
0.262251 
-0.897980 
-2.157303 
0.093917 
-0.951181 
1.172590 
1.735096 
-0.371696 
1.192864 
0.953648 
-1.415045 
-0.033356 
0.261118 
0.522995 
0.676787 
0.674396 
0.678399 
-0.312580 
0.379244 
-2.252898 
-1.168351 
1.201966 
-0.660739 
0.327559 
1.508127 
-0.888909 
-0.959285 
-0.492719 
0.441057 
-0.204764 
-0.977807 
-1.572947 
-0.370262 
-0.221145 
-0.535213 
-0.261972 
-1.095415 
0.549233 
-2.174621 
0.144615 
0.669033 
-0.848829 
-0.057090 
0.291786 
-0.614619 
-0.013643 
0.412113 
-0.937150 
0.835157 
1.094538 
0.321181 
0.015113 
-1.164493 
0.494841 
-1.215849 
1.590788 
0.526475 
0.264819 
-0.393598 
-2.176310 
-1.195654 
0.365328 
2.412443 
0.740247 
0.309746 
-0.541987 
0.122283 
0.962279 
-0.253975 
1.891756 
-1.220254 
-0.376237 
0.052429 
-1.953934 
0.565421 
0.077794 
0.080701 
0.794708 
1.043689 
0.802185 
-0.468824 
-0.046592 
0.353453 
-1.256801 
-1.036031 
-0.426963 
0.077669 
1.790930 
0.797263 
-0.442501 
-0.629091 
1.533796 
2.733540 
0.167439 
-0.478865 
-1.412654 
0.974988 
0.289719 
1.165408 
-0.908706 
0.240575 
-0.654046 
1.274955 
-0.551191 
-0.087409 
-0.347820 
0.993963 
0.428436 
-1.004185 
-0.632688 
-1.045710 
0.505707 
0.331954 
-1.635413 
-1.906840 
-0.040399 
0.697193 
0.168803 
-1.543796 
-1.551802 
0.867078 
-0.145373 
-0.386242 
1.316204 
-0.796464 
0.135441 
0.417806 
0.819880 
-0.854353 
0.357319 
2.748467 
-1.512977 
0.433979 
-0.229768 
-0.827086 
-0.831983 
0.497900 
2.315626 
-0.793826 
0.540960 
-0.559061 
1.976566 
0.544660 
-0.137906 
0.619876 
-0.005583 
1.107199 
-0.185590 
-1.121418 
0.246450 
1.561037 
-1.196622 
-0.242345 
1.004828 
-1.920126 
0.625446 
0.752960 
0.213484 
-0.770234 
-0.007135 
0.093187 
0.935251 
0.663518 
-0.350233 
1.619877 
-0.050833 
-0.812697 
-0.438420 
0.858610 
0.195216 
0.888862 
0.069222 
2.486821 
-1.665643 
-0.415928 
-0.084225 
0.089252 
1.456147 
0.219454 
-0.114877 
0.068602 
0.751495 
-0.689427 
0.450814 
-1.565025 
-0.078796 
-0.941792 
-0.652862 
0.282529 
-1.125079 
-0.988974 
-1.515859 
-2.228510 
-0.151522 
1.162744 
-0.181936 
-0.233954 
-1.046734 
1.583319 
-0.249413 
1.294019 
0.361980 
-0.263053 
1.082144 
0.982434 
-0.111444 
1.295951 
1.781295 
-0.065615 
-0.255681 
0.404638 
0.351757 
0.807511 
-0.255590 
0.715113 
1.048597 
0.177549 
0.153298 
-1.254324 
-1.172801 
-1.461442 
-1.244288 
-0.155099 
-1.614914 
2.246065 
0.739281 
-2.067645 
-1.154551 
-0.107192 
-1.712879 
-0.459895 
1.091000 
-0.163880 
-0.067240 
-1.001592 
-0.555661 
-1.351556 
0.364211 
-0.452208 
0.783366 
1.237237 
1.077198 
-0.034841 
-0.503987 
-1.224019 
0.118509 
0.959474 
-0.340930 
-0.173318 
0.616301 
0.863919 
-1.416914 
0.199952 
0.195827 
-0.151132 
0.892784 
-0.364190 
-0.826189 
0.276011 
0.459797 
-0.217507 
0.796123 
-1.518023 
-1.074917 
-3.072166 
0.521407 
-0.991024 
-0.253126 
1.009265 
0.051012 
-0.440433 
-0.848469 
-0.240371 
0.602929 
-1.516254 
-0.068349 
0.782393 
-1.420726 
0.669365 
0.683237 
-0.882136 
-1.504509 
0.433139 
0.808256 
0.578938 
0.762849 
-1.182127 
0.583848 
-0.580010 
-0.561367 
-1.555896 
1.100208 
0.175058 
1.003611 
1.511008 
-1.137239 
0.643018 
-0.012760 
0.914260 
1.107695 
0.820471 
-0.817612 
-0.126485 
0.264143 
3.158528 
1.226617 
2.320635 
0.414498 
0.211832 
0.613167 
-0.527777 
1.241601 
-0.157631 
-1.373602 
0.870838 
-1.568533 
-1.844253 
0.288410 
-0.950911 
-0.910732 
-0.161949 
-0.488902 
-0.222782 
0.272066 
-1.168531 
-1.224234 
-2.099479 
-0.390243 
0.664282 
-0.702264 
0.501328 
0.540314 
0.990751 
0.989378 
-0.688841 
-0.856838 
0.048390 
-0.664853 
1.452742 
1.379846 
0.095136 
-0.427127 
0.510808 
-0.656274 
-0.125017 
-0.530467 
0.105586 
1.128350 
0.742478 
1.143603 
-0.914714 
0.179802 
-0.983348 
0.384829 
0.325698 
1.296310 
1.099229 
0.653223 
-0.505073 
-0.475994 
-2.051561 
-0.448305 
-1.551197 
0.929826 
0.901940 
0.138287 
-0.378408 
0.143064 
1.605039 
1.349116 
-0.448442 
0.168411 
-1.120497 
0.400731 
0.739063 
0.900045 
-1.531218 
0.504621 
-0.864215 
-0.376555 
0.788010 
0.298206 
-0.163742 
0.606733 
1.634499 
-0.623494 
-1.350100 
-1.162241 
-0.944279 
-0.671211 
0.576681 
-2.085770 
0.235964 
-0.778421 
1.099562 
-0.855564 
0.007558 
-0.937586 
-0.681560 
-0.260139 
-0.228795 
-0.524813 
1.128319 
0.550139 
1.855147 
-0.277299 
1.066631 
-2.099239 
0.638484 
0.371465 
-0.374179 
0.695348 
0.877629 
1.033606 
0.419791 
0.601069 
-0.674018 
-1.095178 
-0.267617 
0.186550 
0.950945 
-0.790519 
-0.489478 
2.974474 
-0.622585 
1.920303 
0.961149 
-0.557803 
-0.106555 
-0.215161 
0.473490 
1.365641 
-1.637804 
2.023729 
0.777789 
-0.548902 
-0.126011 
0.299580 
0.296171 
1.200783 
1.090173 
-0.358703 
-0.129928 
0.733738 
0.120332 
1.136331 
-0.686773 
0.471683 
0.288342 
1.391855 
-1.345502 
0.000747 
0.053495 
-2.341905 
1.248095 
2.809232 
-0.232185 
0.287032 
-0.464604 
0.384318 
-0.379828 
-0.101778 
1.618151 
-0.847230 
-0.575883 
-0.075913 
-0.132472 
1.439310 
2.031263 
-0.978202 
-0.641024 
0.520476 
-0.380700 
1.992852 
1.635870 
0.559019 
0.563638 
-0.338397 
0.763647 
1.127442 
0.141571 
1.928134 
0.670638 
-0.110111 
0.370962 
1.096595 
-0.398163 
-0.085463 
2.373287 
-0.473921 
0.946341 
0.818162 
1.588971 
0.526012 
-2.465198 
-0.852528 
0.511735 
0.257775 
1.962447 
1.406315 
0.496834 
0.082831 
-1.548478 
1.863160 
0.134027 
-1.546003 
0.433282 
0.102954 
-0.570346 
0.493062 
-0.707513 
-1.348025 
-1.754302 
-0.363809 
-0.627094 
0.440150 
-1.502641 
-0.208235 
-1.505125 
1.809741 
-0.116973 
1.226209 
0.494943 
0.908595 
-1.154219 
1.257556 
1.452532 
-2.076811 
-0.176488 
-0.652082 
0.156534 
-0.850226 
0.279046 
0.597094 
0.244717 
-0.118347 
-1.289408 
0.057564 
-0.520933 
-1.279027 
-0.056227 
-0.209680 
0.192102 
0.992332 
0.576244 
1.305784 
-0.729306 
-0.864575 
-0.094921 
1.383214 
1.303681 
-0.125812 
-0.596874 
-1.520646 
0.671842 
0.022844 
-1.177789 
-0.334578 
-1.829455 
0.429990 
-0.173993 
1.631242 
-1.359428 
0.970507 
0.143640 
0.082604 
0.716664 
1.193484 
-1.071062 
1.318902 
-1.210003 
-1.074115 
-0.672560 
0.736462 
-1.069961 
0.334715 
0.411883 
0.154120 
0.554571 
-1.172846 
1.007587 
0.113520 
0.730051 
-0.983512 
0.052032 
0.877599 
1.014141 
-0.084348 
-1.853532 
-1.096821 
0.218628 
0.794246 
0.463124 
-0.612630 
2.244400 
0.072348 
0.865514 
-0.415696 
-1.114938 
0.685252 
1.037673 
1.822212 
-0.528988 
-1.627967 
1.617302 
0.264137 
-1.127146 
-0.559176 
-0.808845 
1.161004 
0.592105 
0.242748 
0.240477 
-0.821500 
0.993112 
0.346395 
-0.261134 
-0.184713 
-0.101735 
-0.887043 
0.741377 
1.392208 
2.473900 
0.503919 
-0.822481 
0.200982 
-1.007053 
-0.613172 
-0.658963 
-0.833229 
0.378179 
-1.115343 
0.667241 
0.795333 
1.037492 
-0.020431 
0.618953 
1.803064 
